842 2626
45 67 763
650 140 247
449 492 515
574 431 612
13 236 948
220 498 607
798 819 144
277 80 936
733 602 444
112 718 316
670 439 644
165 44 678
773 41 828
437 798 640
644 717 926
463 230 342
719 822 674
125 291 967
682 569 24
304 200 290
133 709 159
48 396 310
219 559 601
223 744 737
41 779 757
422 579 648
770 342 848
230 175 430
344 382 355
265 11 383
667 218 224
811 177 265
25 532 208
763 757 527
779 587 548
293 298 845
342 232 873
594 802 36
496 685 34
729 166 228
201 561 463
239 573 309
84 477 129
773 768 166
597 655 805
501 469 484
575 488 130
89 392 974
558 524 502
336 640 825
634 773 807
575 32 830
161 192 75
191 180 536
481 7 13
236 806 721
201 736 120
681 310 459
228 493 822
473 705 964
228 673 328
286 565 137
477 531 422
799 630 118
571 53 688
506 819 598
268 137 803
401 132 203
8 105 354
764 221 317
60 807 271
535 465 489
836 612 934
776 829 364
571 770 548
458 659 87
167 540 120
711 829 799
618 797 346
126 11 731
630 47 812
320 88 820
635 378 444
563 24 452
808 376 902
457 680 828
655 152 193
188 67 315
531 782 788
88 473 910
335 479 450
294 524 616
638 515 132
12 662 4
419 144 697
610 350 735
657 812 881
227 157 53
4 749 539
364 442 717
512 476 908
446 550 744
803 360 566
218 291 604
820 632 564
367 40 263
782 204 605
221 412 53
366 344 666
128 283 616
822 718 18
175 482 16
692 149 404
102 720 251
445 224 945
390 548 207
266 436 128
77 255 583
828 326 381
297 57 217
745 541 851
718 483 250
266 130 318
287 671 141
19 478 364
62 773 831
304 787 362
193 242 278
203 44 648
93 601 403
154 469 555
793 205 801
550 362 108
205 27 249
451 771 25
32 477 491
609 159 94
839 530 771
358 553 736
690 165 307
422 475 28
435 841 518
473 549 348
535 544 306
66 235 446
832 527 151
776 217 608
78 558 948
430 652 726
786 81 348
657 25 452
683 803 851
185 758 201
143 399 528
754 600 821
533 421 902
656 17 22
110 831 265
484 514 854
775 423 49
684 558 526
676 485 262
57 274 253
508 704 816
524 624 558
307 267 73
79 228 677
297 346 298
680 390 237
640 57 447
184 251 807
89 40 314
549 530 99
635 736 683
709 304 395
191 176 790
512 281 702
450 594 20
620 659 360
553 500 284
379 262 256
734 295 235
316 534 527
204 176 656
496 527 324
321 75 361
123 754 95
260 341 499
390 159 944
718 510 57
721 811 748
175 202 784
533 804 970
434 589 708
389 503 7
120 77 835
337 248 76
703 797 427
773 836 910
233 14 565
638 719 822
451 248 937
422 268 456
506 488 294
293 377 687
335 103 94
120 416 496
587 313 620
832 180 570
79 266 86
496 395 573
405 829 205
57 270 519
460 172 977
451 802 849
24 609 735
31 169 384
802 234 781
87 82 283
94 38 271
531 268 621
276 468 41
600 568 924
261 520 843
448 213 351
477 722 899
217 589 352
149 134 896
283 709 919
658 242 952
535 698 55
5 321 45
184 152 206
707 833 238
149 141 118
135 9 709
545 356 170
498 242 993
706 409 129
834 304 649
839 411 479
831 826 81
823 257 267
184 64 896
31 442 96
161 669 429
81 497 698
377 209 359
791 826 782
266 839 952
702 827 19
581 523 607
785 441 822
272 699 204
326 23 927
63 678 546
752 46 352
271 503 477
222 500 961
394 284 178
812 19 192
30 15 182
557 147 970
532 786 525
677 141 585
411 252 970
590 81 702
444 43 229
808 405 818
738 773 580
380 371 763
470 771 955
497 748 23
166 840 830
286 722 450
686 569 14
145 314 811
828 676 933
433 424 299
146 369 732
434 404 606
486 80 711
321 700 430
287 514 187
601 677 368
378 369 53
394 601 465
187 738 849
365 79 650
227 180 278
127 210 842
76 768 208
195 401 102
767 528 468
538 737 23
785 661 133
794 285 575
381 147 51
737 594 17
43 550 553
807 722 402
446 412 748
643 719 750
43 117 717
113 168 559
469 207 627
428 668 116
569 215 255
753 342 374
736 2 769
674 773 220
21 303 530
287 498 372
142 148 967
703 45 960
694 204 203
50 94 812
318 338 665
608 822 672
157 87 757
720 209 220
688 18 22
728 690 711
190 61 771
117 688 818
720 659 15
117 150 825
190 727 196
238 300 546
475 749 574
117 588 736
559 149 108
490 688 30
6 759 500
100 76 460
203 104 679
340 273 829
688 370 163
594 714 53
364 343 818
551 391 575
74 773 678
720 49 533
220 250 805
273 630 459
215 522 440
458 719 557
581 783 589
714 130 699
465 650 98
3 243 286
91 197 370
639 823 725
156 758 841
279 133 58
239 46 80
584 280 240
781 564 704
147 38 391
297 550 423
32 71 449
823 814 731
86 776 918
310 224 920
326 304 289
461 112 337
615 273 477
786 831 155
85 626 381
96 214 994
615 253 538
180 425 976
602 549 835
810 520 690
321 266 390
215 31 378
139 530 320
579 683 393
336 794 486
762 517 307
457 565 986
113 428 160
393 287 723
787 288 914
816 231 94
138 580 478
94 636 503
707 156 957
54 612 485
789 130 297
781 731 49
663 93 687
424 316 988
316 438 202
458 203 938
614 436 701
545 305 402
151 413 877
817 245 820
805 399 233
319 495 661
649 466 241
279 696 143
453 150 402
149 317 270
57 108 160
88 201 788
138 820 482
132 746 540
477 589 985
44 236 160
177 584 148
216 804 350
238 202 851
508 570 232
551 144 111
103 650 120
704 340 658
518 357 909
484 807 51
342 20 370
395 616 735
152 546 98
528 704 813
285 822 41
439 396 840
22 93 347
380 529 984
179 264 282
816 629 482
20 715 406
153 260 530
370 93 937
435 239 783
817 453 42
101 528 947
582 287 519
211 222 848
525 198 656
216 325 347
703 177 778
293 82 481
169 345 789
789 811 356
25 29 36
51 385 389
11 200 569
540 353 688
226 268 633
141 297 602
80 837 279
552 733 601
102 357 623
575 235 597
7 358 177
355 549 200
597 35 993
269 260 538
770 622 552
175 108 333
544 668 550
116 171 575
505 727 602
116 540 473
766 358 313
440 746 207
31 760 945
476 145 990
4 633 213
413 339 20
779 719 178
280 703 260
421 399 678
822 760 14
669 603 705
617 152 675
4 635 697
658 280 601
217 240 831
453 7 137
565 90 598
531 660 243
377 635 521
380 123 442
747 187 631
681 452 114
278 14 806
123 385 717
85 667 271
776 162 570
223 421 616
262 228 277
266 425 457
829 343 473
94 574 270
487 165 715
203 697 638
468 670 982
88 108 62
660 179 350
722 63 351
436 314 326
74 526 203
565 296 573
490 352 86
705 412 258
739 701 743
83 203 150
80 115 956
356 446 62
759 408 410
744 179 621
368 519 405
91 331 963
301 155 698
567 388 984
114 96 584
179 247 836
154 429 277
570 481 989
389 633 900
802 445 658
788 325 390
187 561 99
285 522 847
171 694 286
616 617 812
293 154 879
144 829 798
514 347 933
411 593 243
28 299 733
462 175 297
303 354 826
521 49 594
625 65 632
320 377 831
526 365 965
174 75 522
757 477 204
466 721 532
230 410 164
535 718 212
730 119 980
207 270 793
272 620 338
56 42 527
170 58 201
604 404 717
78 25 276
563 44 777
678 607 759
728 52 262
659 729 106
575 512 164
223 433 736
89 617 659
531 688 305
534 97 316
226 89 590
21 102 859
556 597 474
639 800 422
271 134 620
553 561 164
404 328 640
55 348 18
111 483 752
402 152 361
144 791 511
125 590 8
631 189 708
833 829 593
500 5 142
248 211 398
551 657 490
403 362 389
153 353 497
710 319 291
45 17 769
378 777 756
577 394 81
130 402 973
439 322 810
695 297 785
666 547 941
486 252 338
701 345 713
623 76 59
567 136 78
16 589 827
77 153 931
339 161 351
213 585 847
344 467 674
758 394 833
201 617 876
233 398 784
467 178 227
135 681 517
402 585 894
735 10 474
741 243 310
568 816 198
415 317 976
271 759 735
196 18 508
524 374 881
356 52 16
597 656 331
413 374 865
677 806 238
561 699 690
796 361 192
220 495 441
650 371 781
516 793 354
756 449 472
756 584 682
180 404 663
121 52 313
430 375 969
696 800 852
338 515 393
374 386 881
765 328 482
754 75 148
759 208 146
327 719 948
125 73 796
314 165 380
635 624 244
841 263 66
51 224 616
569 344 919
159 98 143
439 490 742
247 572 21
214 821 2
272 341 863
303 201 45
183 790 216
602 702 109
553 820 598
646 250 69
135 347 562
103 172 954
789 56 401
436 22 808
731 89 724
342 616 424
400 217 128
220 627 969
838 233 604
489 7 928
394 580 809
59 340 19
445 322 551
738 245 32
487 386 781
680 68 729
86 296 313
180 89 603
306 14 433
323 370 477
833 432 915
139 392 994
697 639 533
825 14 127
507 503 764
91 524 516
398 659 539
16 553 114
147 168 29
599 606 794
829 445 373
55 515 452
718 790 211
468 407 183
221 496 781
616 156 125
217 826 992
799 39 990
794 561 48
541 660 23
391 172 146
123 358 30
766 508 233
303 402 533
755 773 235
105 236 766
55 689 437
224 323 201
721 263 495
734 440 331
748 402 349
410 400 964
579 374 846
633 450 493
61 569 800
214 215 761
815 604 17
669 462 215
71 457 502
402 568 630
410 84 844
782 447 264
134 75 635
135 373 868
635 45 711
601 566 870
456 720 63
33 794 163
57 624 125
318 601 887
786 539 912
127 350 93
602 625 235
51 273 44
795 634 164
528 602 538
32 442 273
432 612 172
446 630 322
240 53 916
97 791 239
542 738 996
58 5 485
583 520 673
378 125 146
230 494 12
194 481 245
222 481 28
278 207 367
804 28 837
234 429 111
137 141 659
22 342 351
754 221 254
4 122 527
131 519 8
125 186 503
83 602 480
190 193 800
393 266 135
267 489 58
671 365 416
377 511 542
807 239 354
662 487 397
623 439 753
514 655 597
765 710 281
489 221 231
703 521 927
587 63 747
440 193 403
4 167 728
580 153 660
370 435 807
140 149 248
250 784 32
742 545 182
134 165 303
256 14 429
579 525 909
690 260 258
511 277 785
132 783 255
29 332 740
648 105 787
430 731 308
394 309 723
19 327 621
566 477 512
775 804 515
466 269 160
16 769 349
530 570 780
616 485 114
497 86 785
54 390 607
776 128 365
209 166 955
511 205 123
198 534 778
836 126 467
159 711 839
437 714 1000
162 686 598
360 399 105
811 65 338
49 690 743
651 683 1
27 290 366
234 156 850
523 602 221
439 363 770
680 840 301
507 40 440
184 520 547
202 436 819
69 435 934
785 29 374
300 387 660
255 340 6
395 265 914
42 152 330
719 263 738
290 558 503
68 242 894
119 442 490
241 88 117
73 154 38
638 639 137
247 659 87
446 285 400
67 390 247
589 779 392
286 406 305
166 544 505
172 233 195
782 734 213
252 489 97
144 822 529
217 527 824
633 406 544
596 487 572
300 318 607
548 299 914
484 20 700
375 814 714
828 628 289
144 480 293
369 143 708
411 584 604
816 66 810
181 146 830
296 498 910
245 79 282
547 283 674
467 767 671
355 647 844
549 190 503
478 241 403
789 270 808
758 377 517
426 270 217
599 528 54
650 637 124
188 219 847
822 350 368
678 356 802
133 836 635
266 87 320
221 792 129
416 63 403
297 212 295
141 246 272
621 559 22
225 44 696
203 537 430
623 262 746
615 295 605
308 782 242
189 94 876
523 328 561
315 794 498
425 629 572
453 65 466
29 542 121
513 759 533
231 128 874
395 81 65
38 688 980
688 451 590
154 749 833
578 446 406
506 693 853
385 356 987
335 771 697
648 550 851
496 720 147
234 712 964
823 579 586
121 426 964
417 448 873
338 200 618
836 412 497
352 171 176
492 627 480
739 47 919
345 452 990
711 391 182
140 791 23
325 587 911
730 57 292
232 76 746
820 411 481
240 789 257
719 732 956
269 310 221
649 584 1000
380 325 993
730 562 211
518 254 564
689 548 304
719 570 418
694 725 870
565 524 257
80 685 960
786 379 488
322 337 904
472 558 869
297 356 333
68 509 561
660 506 427
364 777 908
585 75 284
804 729 590
285 86 257
149 338 321
599 682 170
253 194 850
470 682 306
797 281 558
61 16 695
408 713 703
614 601 327
55 191 845
18 116 986
818 572 785
606 198 602
60 230 661
839 230 848
99 240 536
842 27 483
717 741 4
170 163 36
466 166 681
250 14 562
436 518 386
101 323 265
431 112 517
312 368 66
143 84 834
29 472 159
625 204 441
806 545 390
231 801 259
498 761 891
361 772 660
667 754 484
677 794 185
89 67 348
761 606 326
280 322 823
235 492 953
50 248 535
580 548 19
317 505 966
392 711 215
719 627 339
60 709 668
85 311 835
719 670 843
723 167 45
291 47 518
401 811 480
495 187 280
365 477 566
567 721 954
293 415 800
184 241 525
406 365 347
506 419 454
373 221 940
648 799 519
105 601 62
309 312 411
277 806 325
541 587 272
488 387 56
390 278 646
458 218 53
397 103 851
200 522 985
528 682 319
701 580 377
437 456 580
509 549 680
818 703 779
497 6 190
578 357 979
396 550 158
623 126 878
264 55 119
78 480 645
32 667 265
808 402 264
355 420 401
313 319 7
531 46 598
209 785 494
763 402 793
522 154 154
151 770 856
581 40 335
148 470 472
172 424 36
299 355 183
367 798 617
741 405 331
577 465 991
835 619 161
786 227 104
494 798 747
308 165 757
157 535 52
631 476 376
817 51 227
281 758 8
730 259 686
139 442 26
56 76 516
207 308 987
491 513 615
46 314 457
490 65 519
702 432 350
7 31 325
774 271 199
170 500 523
722 732 938
159 745 290
467 550 261
175 271 799
436 492 188
70 738 638
792 537 911
419 342 360
709 666 752
473 3 905
840 303 401
133 585 621
55 651 912
198 43 992
170 466 952
97 776 624
186 673 143
782 431 987
703 227 411
737 442 337
651 146 901
637 581 468
61 622 990
367 20 353
15 648 573
316 571 466
38 741 741
278 563 982
362 836 845
263 486 329
235 58 835
558 465 170
44 164 273
750 87 961
248 136 549
27 646 980
526 406 698
282 651 268
622 30 492
112 747 670
221 712 277
805 142 741
784 87 154
118 468 839
353 775 60
815 168 218
825 295 52
209 578 918
412 190 397
604 460 126
99 619 810
287 120 25
73 461 368
386 62 939
536 420 664
428 298 711
193 124 959
799 347 666
587 71 37
633 452 709
532 174 509
733 729 759
368 530 944
145 497 778
298 179 76
419 33 605
438 680 782
754 485 814
71 501 222
291 575 490
467 343 825
790 23 669
823 237 576
682 422 646
476 616 564
669 291 391
33 148 109
500 382 673
807 110 628
637 788 647
306 567 754
154 353 22
65 587 56
803 505 29
613 210 908
507 747 257
164 216 590
80 613 448
492 89 578
773 668 887
311 148 328
493 258 29
448 625 162
435 146 938
507 811 324
292 78 915
515 821 379
518 686 600
249 701 359
105 36 590
324 658 806
671 487 995
19 806 260
287 398 698
746 787 138
127 172 224
531 655 948
656 303 604
615 553 472
599 52 257
10 630 271
626 32 698
583 756 388
382 819 865
183 102 944
129 524 265
118 266 780
320 827 52
307 837 731
93 722 634
639 336 612
42 731 427
505 548 600
470 616 976
730 99 607
301 690 325
486 86 823
218 840 582
25 324 607
453 40 139
183 214 841
240 469 807
171 618 267
401 152 22
9 826 260
619 648 275
278 657 958
388 246 516
257 396 500
792 613 481
268 447 858
140 105 673
591 416 72
57 636 957
812 626 917
709 569 580
232 169 733
388 112 969
204 10 499
35 233 711
493 257 808
281 219 582
484 534 261
184 633 675
507 229 729
707 330 276
261 502 700
556 251 967
329 183 44
500 15 844
778 435 121
11 107 154
182 680 280
25 138 719
163 445 597
483 748 575
682 405 267
373 672 181
376 120 472
594 388 548
373 415 291
372 495 759
550 549 751
278 725 565
673 269 321
584 530 504
712 645 305
9 256 590
717 153 689
159 424 357
743 232 56
392 468 89
234 463 636
499 625 320
398 97 803
312 284 844
611 385 708
214 699 809
513 512 464
262 505 508
80 839 843
577 766 697
535 291 617
87 374 788
395 215 977
255 143 982
259 723 423
611 672 173
262 783 641
554 147 495
462 750 923
673 232 679
650 482 937
130 399 328
81 568 57
455 121 884
501 306 190
548 821 431
723 568 447
527 155 745
660 710 717
355 580 846
745 34 985
813 306 588
783 475 321
580 431 411
458 196 37
196 634 353
147 91 203
14 822 467
494 663 602
228 338 271
411 567 649
422 448 100
147 48 553
340 34 578
126 18 764
310 558 838
495 425 513
678 360 268
469 570 759
488 706 296
346 756 769
587 59 212
9 731 548
150 311 582
416 365 570
391 6 997
546 423 894
738 524 321
117 437 575
67 511 936
266 622 792
574 173 899
365 20 1
296 533 163
292 199 678
727 274 353
675 784 457
234 443 699
480 415 632
34 352 12
543 22 402
528 14 562
92 494 500
519 346 874
215 255 656
60 293 914
727 235 13
570 730 319
35 751 751
729 173 461
536 517 407
808 616 221
423 381 450
122 785 488
212 125 916
754 210 611
388 686 60
468 320 340
621 482 562
366 421 3
763 203 619
515 424 537
509 840 667
306 187 910
203 483 469
570 105 852
822 150 196
107 426 320
192 247 541
806 757 744
46 413 547
68 287 162
330 616 653
478 422 772
642 469 571
652 578 30
498 15 382
587 787 992
532 538 202
589 656 855
686 227 627
68 399 432
650 485 548
295 148 879
87 580 889
487 317 599
296 183 153
267 239 472
481 707 924
89 308 694
147 604 850
443 707 591
154 680 974
572 40 729
49 816 442
120 563 209
760 500 347
351 273 39
118 724 591
558 63 537
305 228 135
619 173 983
180 456 817
119 17 682
761 428 817
113 834 910
477 522 352
307 385 406
531 368 895
674 84 439
285 629 309
654 336 432
315 473 736
357 81 24
842 351 386
489 800 295
810 209 613
498 547 998
673 190 741
24 434 590
89 710 658
349 311 911
82 839 170
109 241 1000
131 549 672
404 760 564
560 618 412
294 795 935
393 670 335
650 571 516
766 125 497
290 582 170
292 315 234
240 482 939
406 102 540
537 74 685
475 763 973
474 722 907
447 299 745
556 483 757
543 454 72
429 706 898
382 612 577
322 616 275
285 305 38
196 811 716
653 192 87
48 374 781
663 55 13
160 669 790
712 30 980
454 190 758
107 365 831
451 56 434
690 840 135
296 606 228
657 374 27
187 514 516
703 268 925
818 592 530
80 789 611
215 162 659
457 584 561
405 22 494
344 644 508
255 450 571
256 612 79
502 504 852
124 790 563
423 686 29
239 81 917
558 180 264
518 49 769
707 418 442
288 420 965
123 701 43
117 248 298
201 451 296
684 612 404
481 737 191
540 124 203
833 465 194
168 389 337
808 633 283
104 558 759
638 710 971
302 396 852
435 722 149
619 666 631
721 490 15
644 280 125
113 85 781
678 142 60
79 454 17
219 538 915
164 10 805
212 399 773
190 284 528
588 78 246
583 557 707
358 628 645
15 296 314
544 806 658
180 7 958
495 764 434
480 350 180
116 707 350
397 458 571
153 53 488
45 102 780
729 532 445
161 146 865
26 37 92
143 817 422
621 288 733
82 257 70
782 743 704
221 191 710
65 682 389
16 209 987
170 28 739
141 793 99
455 129 294
430 371 324
214 126 568
353 701 887
32 572 642
481 350 28
152 643 724
460 777 284
66 244 944
553 344 786
686 210 557
626 250 634
331 484 34
625 756 368
561 411 192
556 113 101
551 719 820
34 299 837
352 565 36
154 457 133
158 744 224
87 38 186
242 531 935
378 168 425
615 357 524
594 241 619
778 246 583
591 686 256
553 711 596
707 782 114
608 706 531
732 665 753
154 635 559
777 294 640
160 647 633
241 169 853
841 306 939
81 732 898
11 656 723
628 838 979
584 614 546
736 533 278
284 144 1000
250 386 388
768 99 585
734 816 283
87 393 402
536 496 569
713 490 949
182 190 742
126 433 258
164 293 12
544 491 905
357 604 346
280 4 308
614 533 624
446 787 500
148 320 904
118 536 252
270 684 173
335 707 911
330 401 519
215 782 314
839 79 979
558 797 20
688 442 817
392 143 36
15 11 914
391 80 890
657 512 887
501 732 456
405 385 215
452 207 885
772 839 628
781 18 304
768 304 28
45 227 636
393 742 833
502 195 934
240 334 643
314 806 603
590 170 572
158 765 796
531 130 322
840 404 276
216 312 978
746 244 343
403 612 92
175 433 117
562 298 903
479 313 146
604 42 752
422 634 782
332 472 971
668 300 521
206 300 184
690 523 195
100 794 529
532 791 594
233 354 818
537 84 49
45 201 335
121 583 760
519 85 142
42 643 446
688 326 547
780 85 605
618 779 112
131 60 775
393 354 573
660 626 430
502 123 674
645 272 99
294 723 244
744 66 606
24 400 955
524 630 362
809 754 162
584 84 890
382 412 600
84 666 615
246 707 23
88 737 758
498 221 559
756 132 762
511 2 4
828 436 791
472 500 980
369 350 730
137 204 758
364 671 331
761 227 1000
557 656 594
87 382 472
519 416 317
182 836 276
725 181 422
193 505 221
218 142 305
717 739 905
130 474 90
125 292 605
750 666 856
530 303 438
232 481 333
805 812 497
225 54 965
270 677 630
290 299 156
560 523 443
383 214 766
535 787 206
116 293 216
104 670 898
238 754 827
529 608 369
303 512 468
307 503 946
518 801 36
175 287 652
519 565 260
839 519 643
489 374 589
359 552 785
101 396 16
236 427 897
304 431 354
278 526 265
543 69 767
137 277 361
605 392 199
489 759 362
163 56 487
263 127 156
344 699 686
110 198 321
653 40 431
650 831 598
362 455 229
203 171 75
668 781 415
535 365 9
491 785 142
344 547 565
815 251 184
728 840 511
717 749 382
167 353 125
447 317 531
201 491 679
361 356 872
529 568 143
536 388 376
115 89 933
734 390 698
486 208 457
822 765 257
756 391 428
646 643 765
508 192 330
157 371 756
604 57 544
278 370 892
712 278 199
727 825 969
300 292 368
768 449 86
467 595 516
376 774 595
256 146 317
441 595 829
492 430 376
811 209 660
682 363 470
8 489 633
632 754 837
681 630 454
48 166 72
308 662 413
656 450 327
802 677 743
96 200 27
639 536 805
450 68 437
32 283 737
413 405 179
786 120 649
420 738 938
784 330 885
261 698 791
305 359 146
63 292 816
133 743 321
560 790 497
381 610 842
210 753 410
685 747 522
194 112 739
273 676 715
478 706 195
780 37 251
68 663 755
517 667 240
274 498 339
102 260 712
31 786 532
277 252 521
23 565 234
347 253 455
749 122 552
639 416 343
479 712 116
457 490 967
428 105 354
599 232 969
314 406 742
207 279 81
538 172 917
395 830 222
676 92 65
74 778 413
424 39 934
778 112 518
54 717 23
416 252 332
314 654 990
345 748 918
650 513 107
497 48 371
40 696 416
220 725 396
364 214 362
158 160 185
368 395 557
209 162 189
231 838 756
445 297 921
179 570 222
631 761 591
19 472 526
222 757 432
73 91 149
206 689 946
328 408 319
815 226 41
786 513 259
493 31 742
437 374 778
656 444 815
530 617 952
153 662 821
772 90 885
77 349 530
201 571 90
341 406 381
580 706 498
579 545 369
199 760 584
309 428 145
180 824 297
288 115 474
469 562 379
751 500 204
775 37 413
499 514 195
69 588 526
484 613 338
537 306 512
749 564 509
520 182 936
439 372 778
618 804 56
238 369 370
545 484 178
477 705 84
50 7 864
267 772 584
319 410 227
320 597 5
374 377 35
317 157 943
157 428 184
779 394 250
13 413 631
405 404 544
15 585 674
178 161 852
714 51 697
649 460 416
66 710 787
247 596 468
651 506 861
429 596 526
630 734 982
114 393 549
640 40 148
760 626 737
572 555 56
23 784 720
223 735 918
471 841 117
94 768 924
617 172 410
82 774 765
133 759 747
260 580 945
245 546 871
138 336 19
284 443 315
154 490 143
177 347 890
419 789 240
446 326 366
651 497 595
247 344 846
367 421 343
219 243 441
153 779 626
616 709 797
709 421 17
241 168 682
632 420 716
665 682 526
500 175 375
193 235 107
260 751 711
708 570 189
730 543 47
490 456 497
120 572 585
726 411 615
747 450 297
137 402 842
255 262 275
480 767 793
121 228 448
539 154 431
509 598 83
767 718 560
833 206 359
66 295 114
162 332 976
183 145 150
516 679 199
799 477 208
417 274 94
94 500 802
440 536 73
295 80 815
230 441 70
768 271 765
367 242 950
136 379 836
762 175 699
682 47 439
649 821 291
355 604 327
780 495 248
246 148 154
551 832 713
439 594 599
724 391 716
281 368 238
469 273 348
591 308 991
310 347 528
252 39 385
697 632 452
748 311 693
737 314 990
336 602 996
592 496 571
774 606 442
593 268 380
806 600 793
802 164 413
406 452 559
705 21 804
137 570 310
8 591 402
811 720 555
502 530 648
258 572 700
707 363 890
397 278 425
248 150 950
135 829 335
264 599 499
838 783 991
608 759 520
330 462 741
419 765 139
369 567 741
495 326 520
451 490 583
414 383 447
554 413 60
838 258 696
144 26 452
703 270 979
575 145 663
395 537 326
606 820 757
667 172 689
11 274 400
299 82 418
171 348 795
604 647 199
697 570 35
350 756 951
745 258 304
705 458 133
582 842 197
326 416 568
31 652 94
580 651 227
588 415 982
333 449 580
836 395 31
800 185 449
503 183 225
534 659 305
726 710 828
257 366 266
589 728 954
819 720 858
213 109 785
516 495 533
398 406 531
109 171 216
609 125 118
296 667 59
234 839 486
35 322 758
170 81 913
27 319 923
772 813 153
116 669 741
264 124 704
56 671 476
485 417 556
129 734 298
670 86 143
282 731 134
250 840 284
131 787 414
220 240 813
625 153 385
594 367 213
141 88 826
825 172 772
565 416 133
778 703 494
692 320 126
120 227 585
625 124 694
496 314 45
555 281 924
430 110 81
347 779 912
396 449 343
285 634 354
370 56 151
37 233 285
321 752 941
134 239 314
36 1 493
9 138 567
685 274 504
624 545 634
790 267 926
568 91 463
152 180 229
303 449 571
9 397 596
285 70 621
109 286 348
646 684 799
685 6 55
110 548 195
333 166 837
579 576 745
152 826 524
185 119 667
800 366 238
842 696 4
633 231 528
280 663 188
586 656 758
311 709 197
238 147 773
354 644 471
321 612 963
230 159 817
335 727 75
577 578 998
693 233 926
377 323 53
462 174 77
119 134 393
161 307 718
516 55 60
782 51 37
140 643 708
418 274 691
162 834 335
352 631 812
669 342 698
762 219 427
751 831 394
734 484 127
798 18 254
233 441 332
410 227 409
603 479 449
214 312 761
639 714 840
474 87 537
805 752 405
421 695 679
205 54 323
819 162 864
188 119 68
738 831 5
94 761 411
713 71 652
470 313 516
199 188 18
175 16 881
101 29 688
362 61 516
105 664 811
603 8 755
580 839 853
123 380 801
764 277 7
592 639 239
627 487 727
174 537 315
68 394 708
328 142 874
555 805 87
85 483 530
345 743 946
337 758 186
385 536 705
590 44 612
191 356 762
531 132 820
288 622 721
641 775 562
790 647 402
842 174 852
331 581 609
541 39 391
477 780 53
163 257 609
24 368 540
24 667 162
345 445 699
567 751 632
647 131 845
642 424 564
219 840 680
658 649 356
500 501 16
152 665 349
614 699 188
33 5 958
88 693 236
354 546 685
136 716 687
812 371 908
679 236 293
432 682 18
299 27 571
22 452 133
145 249 759
841 748 819
713 643 363
259 325 371
227 350 345
214 58 357
770 335 495
482 91 312
70 463 343
176 90 780
136 708 279
726 89 658
800 586 171
273 790 301
228 820 372
216 194 491
194 830 968
649 624 46
652 645 403
572 402 390
631 111 557
529 32 425
20 424 779
368 178 957
5 748 302
23 227 110
519 168 931
357 453 671
358 611 93
446 288 144
349 839 318
830 511 569
300 678 885
213 458 628
302 451 863
568 247 778
731 231 565
616 633 619
564 517 468
734 806 930
242 569 814
227 254 279
141 265 488
63 138 661
522 419 260
725 195 516
816 174 228
329 707 775
435 438 211
749 467 248
457 118 197
29 819 829
377 441 237
17 808 872
344 806 649
493 18 271
744 354 928
768 89 414
821 121 993
652 491 631
601 234 213
825 188 693
17 420 39
84 384 324
799 314 522
837 757 866
481 645 476
209 465 781
612 496 645
506 835 633
567 298 287
327 479 710
754 185 339
96 148 97
293 368 567
456 538 754
635 614 854
702 512 220
241 678 830
783 774 494
475 43 969
50 63 54
519 541 95
110 179 295
66 696 688
325 81 899
616 740 508
587 488 452
594 9 980
705 198 89
750 190 503
794 402 73
714 126 561
358 297 671
828 797 309
59 702 246
837 683 12
830 415 745
540 745 856
436 369 583
742 395 602
147 208 913
518 131 926
267 331 748
785 657 29
830 208 977
12 222 294
80 322 262
91 774 931
414 144 69
360 326 622
603 495 791
779 637 483
660 543 660
195 502 565
360 127 854
321 479 752
612 30 727
444 316 469
321 613 35
69 725 830
188 439 798
512 588 721
818 82 28
434 705 770
651 585 110
235 262 297
604 311 43
842 183 994
162 324 526
655 696 649
766 518 112
822 719 798
400 788 378
461 350 360
109 387 955
532 760 990
151 142 958
539 487 286
285 430 825
7 485 131
585 719 482
819 110 697
474 336 544
519 787 174
375 18 996
181 197 272
217 349 630
465 282 251
824 19 933
688 129 566
211 673 290
350 169 401
343 97 187
157 426 227
731 480 267
437 439 967
66 786 653
345 295 54
338 646 409
51 26 141
702 45 707
766 466 883
690 510 156
49 281 873
764 174 758
325 178 235
809 829 203
448 774 445
775 217 975
22 352 266
547 116 926
678 628 636
711 614 844
832 366 97
807 823 540
253 213 758
772 242 416
554 802 512
15 785 825
373 707 453
646 549 262
278 729 413
726 3 142
615 745 504
788 749 952
361 501 390
508 390 278
649 574 612
360 260 357
369 197 595
247 624 441
186 575 171
201 764 435
738 378 775
20 43 44
450 164 784
137 600 779
199 248 830
368 468 771
690 513 677
458 290 279
350 687 60
5 644 747
366 460 829
264 558 922
802 65 109
750 377 645
795 725 557
565 375 874
69 397 331
282 746 43
275 661 861
22 386 322
677 823 318
161 689 845
780 98 484
151 584 245
795 216 230
224 325 574
474 526 878
72 661 804
95 146 588
71 524 310
400 96 330
121 182 472
821 71 777
372 573 216
260 835 787
278 808 843
142 382 570
39 656 628
428 402 34
298 562 701
47 384 64
344 741 338
563 735 116
654 391 836
739 195 514
657 610 633
465 425 325
293 66 83
470 588 602
729 387 338
391 96 626
747 602 711
721 662 38
264 602 794
498 132 429
53 94 961
415 67 128
707 311 570
648 389 716
555 722 913
835 732 144
169 314 910
476 822 900
740 742 232
389 348 6
13 727 445
232 645 665
708 449 144
760 438 711
532 149 16
207 838 483
730 320 547
630 481 663
757 243 877
57 513 997
604 323 21
308 238 201
143 417 969
819 126 895
21 518 856
246 647 654
76 372 606
553 753 422
321 71 657
353 23 362
124 230 897
749 47 884
477 390 122
70 518 347
561 343 389
407 818 45
370 95 368
433 442 500
759 777 349
199 805 735
580 750 738
70 741 44
156 448 924
563 791 16
625 482 958
400 538 309
735 78 22
769 525 33
730 146 666
720 270 149
709 461 46
492 643 720
828 382 840
136 148 866
452 817 290
69 111 206
411 338 925
490 429 598
2 262 198
613 485 107
732 523 176
8 158 213
688 802 354
375 76 640
607 643 553
534 759 415
465 63 222
667 551 921
704 412 945
400 8 150
88 716 396
148 21 879
419 801 527
839 726 221
81 359 103
705 276 127
560 168 375
423 508 354
293 93 247
474 804 208
148 556 111
669 684 148
72 450 885
603 497 773
85 255 446
354 189 466
480 740 711
536 680 852
429 105 596
257 487 868
161 378 630
401 228 362
538 737 543
324 667 382
23 277 84
637 651 43
766 45 776
684 419 54
308 346 989
366 519 115
764 384 206
253 394 93
397 607 999
298 674 988
215 681 961
194 385 350
252 482 490
647 284 254
733 182 105
123 51 929
224 787 222
360 124 16
289 325 223
773 323 826
667 784 331
283 366 364
576 590 419
676 133 968
86 17 505
103 88 761
17 682 525
48 178 989
725 68 787
282 670 653
387 39 676
83 380 308
346 549 61
747 502 867
108 210 918
8 543 270
633 484 776
696 634 764
290 463 723
444 563 780
763 443 453
22 644 934
735 414 102
594 607 483
474 516 524
57 22 272
757 66 982
304 83 362
272 792 588
127 121 584
227 43 955
220 589 633
317 628 862
100 547 979
234 10 338
88 637 171
764 178 371
117 842 880
84 376 840
580 261 109
142 829 202
704 320 600
273 457 978
687 417 313
752 378 588
737 653 727
495 790 562
677 28 934
737 807 491
807 81 543
119 545 640
355 575 819
20 635 274
613 18 231
691 160 45
204 81 680
596 141 781
285 449 799
711 118 714
99 477 92
281 426 475
190 188 519
549 87 556
515 641 91
108 200 216
345 602 570
494 184 51
579 705 127
648 524 101
800 217 965
221 62 478
235 30 285
610 201 628
64 200 424
489 256 188
700 827 371
8 261 296
79 431 672
457 718 574
641 208 227
592 602 255
326 258 134
225 691 588
604 776 571
532 662 215
837 741 954
479 755 226
756 512 178
513 261 309
73 54 708
12 741 175
93 600 74
16 34 97
186 372 172
12 264 839
457 327 554
61 274 909
243 841 760
18 11 729
515 766 106
238 449 281
145 524 649
223 386 394
364 138 877
278 789 243
506 112 342
812 266 431
709 106 395
451 397 871
187 609 526
346 61 315
461 132 540
39 398 889
697 700 569
51 320 332
571 29 873
71 487 104
792 327 267
133 450 372
192 550 579
363 231 545
814 90 911
536 713 142
404 521 977
194 350 260
461 684 843
810 381 397
607 703 787
239 624 427
263 323 742
288 294 200
12 221 984
669 804 773
346 245 148
276 758 805
462 608 892
740 667 471
241 477 226
558 440 195
497 693 5
473 734 387
805 461 404
26 562 552
125 268 400
388 250 484
60 124 554
708 155 484
243 585 575
573 423 33
311 125 242
382 175 488
720 408 170
720 92 398
770 706 463
464 211 266
662 101 57
467 370 462
244 449 919
556 223 968
825 680 139
194 578 964
308 682 784
838 80 847
807 387 469
65 259 304
619 192 989
240 375 626
524 18 2
669 10 130
563 282 295
692 279 331
569 63 811
831 594 897
260 653 934
225 811 938
692 672 267
553 66 358
357 800 846
24 245 737
