995 1649
965 132
549 10
600 547
644 673
645 648
308 981
566 849
608 237
894 359
648 739
830 597
508 488
556 939
795 415
390 593
873 486
321 532
674 186
904 319
384 692
371 516
479 671
876 433
470 456
1 263
58 141
731 792
456 630
61 854
311 453
946 73
91 265
879 143
803 523
553 202
479 130
669 78
751 822
112 517
544 851
620 472
430 923
678 312
493 296
20 200
442 560
634 76
377 682
900 657
674 204
506 113
476 601
724 601
343 327
86 883
907 361
30 488
897 517
806 2
725 519
732 759
604 95
31 584
227 248
544 278
796 767
639 807
964 659
421 878
726 456
157 67
287 885
493 758
425 411
226 915
782 505
89 588
844 146
105 411
728 192
535 102
271 822
682 651
242 898
419 189
865 298
663 646
29 913
431 557
180 950
718 178
80 87
775 420
929 489
306 287
751 302
125 811
756 934
319 841
317 376
762 42
7 475
467 913
216 655
830 754
266 617
75 136
494 690
249 572
307 790
454 923
610 315
731 882
539 39
759 85
562 947
964 799
358 254
866 285
613 101
637 905
831 825
961 381
764 102
363 583
649 963
157 587
430 961
786 710
548 569
92 32
241 365
890 303
88 797
388 346
314 527
804 31
555 614
428 320
468 189
879 425
494 522
455 822
514 474
936 973
918 312
611 822
810 938
266 691
824 355
915 729
626 147
771 541
459 847
578 155
801 117
912 587
807 59
738 843
283 529
964 598
308 527
898 571
903 355
690 364
746 337
196 552
360 993
658 718
645 78
528 238
16 914
164 971
741 837
750 91
313 783
723 183
415 253
589 738
951 641
368 467
280 959
525 236
515 42
538 329
153 237
959 568
612 71
704 597
415 687
624 407
735 283
25 84
64 766
174 521
289 735
148 729
263 71
670 848
91 324
644 693
832 456
741 221
620 820
547 620
397 621
217 260
861 62
736 930
29 823
544 279
828 211
779 324
671 265
681 407
591 235
740 377
635 5
981 113
142 872
625 626
641 5
438 232
538 647
245 167
287 616
865 917
558 967
500 960
870 891
907 794
418 376
790 737
31 425
986 119
57 153
20 267
279 554
263 202
728 844
562 674
949 669
648 327
933 708
807 826
65 966
376 836
293 1
426 41
687 977
944 17
834 608
507 95
285 395
129 852
612 202
744 269
306 365
476 258
223 509
271 470
682 862
371 976
311 442
982 84
127 178
878 990
580 461
835 95
139 1
361 113
236 157
436 495
203 44
248 691
929 698
880 392
71 568
993 18
760 952
157 302
936 281
899 175
620 934
531 590
697 928
541 751
191 906
369 893
737 247
279 65
162 547
865 573
644 671
852 813
781 652
323 524
821 630
292 356
611 597
5 78
812 594
686 975
253 196
10 13
42 831
890 728
387 147
11 121
986 82
330 939
447 527
730 95
857 589
517 602
44 329
905 121
542 173
395 49
329 226
661 225
940 787
690 883
112 919
236 138
401 528
826 844
158 558
213 705
988 329
555 950
33 190
514 580
695 313
924 375
286 840
507 301
735 344
39 796
760 683
193 404
193 991
71 399
132 818
486 898
272 90
414 743
465 988
669 883
161 580
439 943
387 349
854 970
266 163
424 608
130 700
152 763
464 84
35 617
752 245
109 93
555 821
224 99
340 396
310 401
137 432
533 716
207 433
494 608
90 483
329 444
719 166
454 50
210 511
641 801
41 129
777 66
364 932
774 918
702 499
576 382
558 777
140 744
924 6
570 762
315 806
346 912
536 267
607 469
774 688
135 878
411 852
487 140
895 430
459 477
81 920
322 312
347 288
41 320
575 263
234 261
332 925
450 401
918 588
907 293
490 814
534 668
149 370
449 728
198 829
441 940
82 582
286 243
752 878
788 337
277 281
298 126
301 942
904 357
358 874
125 597
625 735
114 915
374 481
561 207
368 944
811 894
6 28
279 605
792 534
768 661
586 932
382 142
606 547
98 148
981 676
473 965
750 99
74 960
239 965
476 537
349 955
266 900
551 39
627 78
170 539
300 171
565 780
344 810
472 287
310 116
73 189
883 163
651 684
140 392
659 754
714 446
951 447
964 768
469 106
469 421
594 811
44 707
539 80
925 252
600 424
729 273
912 351
108 774
667 846
930 718
533 344
496 102
5 869
365 636
169 990
83 695
212 612
732 728
223 36
143 978
108 81
730 315
987 699
827 786
388 208
723 280
11 737
804 661
971 818
912 873
474 572
595 579
546 5
786 966
236 373
405 256
447 708
433 564
30 442
574 862
421 534
499 129
209 430
486 68
219 603
218 705
312 462
22 506
723 548
334 440
923 976
304 694
430 474
234 116
194 883
467 83
233 783
452 120
119 704
425 897
689 458
820 660
183 590
311 437
197 318
490 712
90 341
294 572
872 330
267 538
695 15
501 270
21 83
854 456
169 615
253 116
445 328
585 72
299 568
531 117
476 676
772 393
424 962
515 462
725 749
407 722
88 542
79 671
176 352
910 448
324 649
854 173
116 263
190 805
525 51
927 190
785 657
76 546
190 99
322 961
660 202
992 688
948 631
328 674
317 469
544 391
193 965
801 296
188 358
225 468
641 535
630 334
644 960
832 789
500 899
68 772
243 688
206 654
765 421
721 448
743 717
675 885
251 912
875 631
955 319
785 796
660 216
20 436
740 475
942 300
816 571
307 717
24 233
804 388
266 535
516 106
555 49
3 707
904 908
523 866
766 349
217 551
537 289
97 807
439 726
449 756
894 847
613 685
559 42
288 234
399 420
384 712
168 762
100 10
413 733
270 691
202 793
318 208
161 267
839 520
970 841
147 277
148 58
580 963
872 284
255 716
683 795
439 762
615 747
88 340
805 863
918 987
38 694
900 447
78 151
669 59
860 650
862 105
650 626
650 399
135 254
28 846
806 570
627 491
655 414
680 127
823 617
644 730
47 78
58 686
991 372
719 659
831 373
446 955
620 34
621 428
731 660
588 704
702 55
686 262
108 971
289 231
626 136
976 530
587 575
866 151
839 168
891 463
309 649
574 101
70 708
847 916
9 233
255 898
54 230
221 132
539 252
207 815
191 326
160 565
640 207
493 46
836 886
926 69
861 794
462 291
14 406
879 406
789 122
385 823
794 119
305 270
601 428
934 886
663 774
172 470
282 249
391 108
54 283
737 813
827 82
520 448
576 338
674 564
873 496
709 154
153 524
729 158
956 691
227 281
858 954
117 490
427 635
131 409
277 21
874 51
233 201
159 209
375 210
875 679
931 153
648 107
390 644
692 438
368 989
247 186
931 49
952 341
607 257
718 331
21 724
145 127
572 111
404 6
618 438
983 281
426 390
65 197
872 138
943 609
291 454
755 685
644 885
186 870
460 329
744 271
182 571
219 303
974 248
227 447
104 125
324 610
953 451
21 284
208 971
46 389
506 221
6 535
541 611
612 678
618 339
381 407
787 652
541 346
526 637
737 954
405 744
870 894
372 421
469 464
603 437
412 935
34 334
865 373
956 767
824 751
735 728
776 220
995 615
139 339
90 888
375 7
761 786
864 425
67 847
393 443
921 857
667 743
579 905
780 830
13 367
786 484
970 850
556 100
129 451
385 693
669 895
397 977
56 354
22 523
847 275
174 107
162 508
314 886
582 761
981 214
719 122
24 116
446 320
946 153
693 278
911 958
330 761
537 455
495 139
547 186
34 772
256 891
866 262
857 556
234 719
953 813
734 273
187 485
132 594
647 429
631 808
228 251
645 973
907 983
234 679
79 249
628 62
648 84
99 178
155 561
283 43
286 595
215 717
736 418
20 603
150 226
23 848
64 980
878 539
989 620
85 146
30 440
514 48
554 964
740 338
962 862
338 347
871 327
178 935
235 840
56 375
261 337
900 34
297 454
173 495
40 726
275 145
166 736
424 417
303 914
436 132
348 38
648 441
173 386
275 440
518 802
8 18
653 468
753 978
820 734
968 73
931 57
632 182
841 448
148 405
739 481
100 784
85 164
69 314
752 116
881 13
593 206
443 925
995 728
846 955
837 257
345 182
535 825
641 817
308 477
60 961
615 651
604 850
714 357
989 744
518 715
570 458
623 103
787 790
554 576
182 827
57 312
917 759
609 104
572 915
938 482
943 249
993 819
481 681
871 363
648 247
745 195
929 975
290 86
762 409
988 171
381 691
561 447
414 894
321 985
568 454
324 527
786 29
11 38
434 171
271 762
129 354
918 34
442 219
408 295
820 442
373 918
636 87
437 907
270 973
434 58
658 679
738 949
637 374
531 195
609 95
994 507
242 165
565 634
285 893
367 315
842 653
886 627
427 961
782 867
164 158
916 688
666 783
578 614
689 553
818 578
466 175
800 398
233 200
150 72
159 353
38 456
887 381
526 536
170 611
562 788
18 687
423 18
230 642
344 769
828 664
409 830
249 337
306 325
291 318
846 993
184 852
690 479
893 548
364 149
807 387
406 941
298 234
851 583
217 397
606 746
125 807
418 988
899 628
166 577
672 710
929 456
435 173
881 928
879 437
295 601
259 480
199 738
718 886
497 741
371 529
911 970
697 167
627 418
3 595
957 782
232 784
492 302
89 394
363 295
143 749
149 795
521 322
759 157
390 366
619 705
360 103
345 866
509 484
480 214
406 194
340 149
582 833
587 444
36 91
610 887
480 831
463 388
969 894
448 530
692 960
358 696
148 806
404 370
79 782
191 42
232 25
231 195
253 178
793 19
307 918
58 51
647 756
569 88
544 223
658 811
532 315
478 256
562 898
727 125
259 326
317 527
252 434
790 984
592 260
595 785
890 899
503 917
197 533
479 195
323 195
973 923
941 92
619 692
505 431
148 208
900 650
481 150
14 423
188 494
890 583
108 648
480 520
20 121
585 106
515 494
437 523
632 384
431 62
72 2
77 858
246 378
965 602
693 581
729 948
414 126
588 298
112 56
361 290
972 659
366 563
25 942
342 383
164 512
679 163
527 95
421 603
211 11
906 588
743 25
980 317
485 591
330 93
95 351
120 649
796 786
877 78
14 772
679 344
114 241
295 4
981 80
595 755
514 225
185 864
296 911
650 314
854 327
66 110
568 212
440 989
318 279
34 950
329 132
791 635
709 798
926 300
621 66
469 736
680 556
795 678
826 492
279 814
676 879
801 557
841 456
848 187
974 474
261 341
706 57
319 35
893 154
549 733
860 818
972 783
597 193
539 773
410 690
674 701
753 860
919 157
903 455
531 124
516 223
432 127
562 595
667 388
552 154
649 334
501 214
807 624
42 532
994 89
443 709
696 926
199 768
24 166
944 258
506 552
57 34
518 698
149 498
790 593
830 525
798 460
13 770
548 291
627 932
207 508
833 37
228 492
995 949
399 746
511 59
726 370
961 455
911 314
749 420
699 980
526 615
420 472
792 289
459 879
23 358
541 485
409 732
788 472
493 580
649 924
134 980
861 887
598 949
325 342
456 27
220 44
564 270
908 705
375 831
433 362
987 498
259 383
26 385
378 483
51 443
610 268
29 368
527 497
732 722
939 361
479 432
378 197
158 202
221 537
632 447
192 769
40 853
558 353
834 355
892 557
635 667
417 561
507 742
631 186
95 658
192 756
857 423
431 764
255 984
351 437
758 453
286 293
986 298
248 509
728 466
567 534
89 723
933 754
510 417
902 509
376 16
29 170
491 122
796 742
439 363
563 79
907 826
278 579
14 467
809 905
792 260
174 141
892 570
488 533
355 13
801 750
218 840
717 444
19 665
404 198
152 460
697 363
971 68
185 935
558 381
249 221
126 850
640 948
445 677
318 828
839 543
756 685
653 430
199 18
476 693
208 623
444 256
231 72
511 894
115 439
426 310
872 239
584 110
754 239
577 964
445 619
46 641
782 704
811 198
87 694
976 22
544 773
961 169
185 494
201 844
110 278
76 111
523 101
942 307
907 969
250 259
659 421
770 429
169 721
781 578
746 393
106 962
200 930
844 507
782 798
134 288
754 917
723 158
383 727
615 355
893 722
969 34
789 637
922 831
170 180
631 26
119 251
690 21
46 514
416 641
547 904
236 401
753 71
992 974
352 824
238 105
308 804
796 68
821 124
970 339
510 61
511 460
869 181
365 701
798 614
749 12
911 781
679 786
816 183
445 427
947 396
96 834
708 124
767 132
306 984
864 493
475 458
442 514
739 488
116 10
567 237
509 101
648 686
521 416
914 90
611 947
975 178
153 239
825 720
915 9
277 8
693 457
435 355
493 339
811 882
776 698
980 614
781 236
119 645
945 950
46 864
15 403
458 540
776 14
741 223
50 856
291 523
576 971
464 207
852 872
178 171
895 910
510 634
914 251
450 129
38 693
796 57
468 922
285 572
510 387
166 682
577 142
298 167
373 350
195 764
656 890
201 690
36 130
627 737
958 91
959 230
233 911
641 794
911 67
659 26
223 913
600 428
879 783
287 871
994 262
121 621
639 624
433 193
198 693
472 36
733 769
260 280
781 309
641 597
87 894
786 644
603 772
130 753
982 236
56 559
878 614
26 836
707 701
706 687
964 225
242 556
956 939
499 560
299 2
392 416
375 823
476 731
854 926
74 298
459 201
632 559
585 241
982 861
257 190
886 579
647 547
963 131
215 54
643 724
199 743
801 256
764 344
499 883
705 279
634 439
841 247
759 134
273 646
850 859
858 773
199 732
79 826
615 240
453 904
967 871
259 700
849 249
775 145
357 791
728 474
525 368
66 650
225 43
151 856
799 427
587 619
775 690
707 863
965 64
527 713
202 227
206 785
377 127
288 536
79 776
979 278
394 835
151 284
218 574
221 802
665 380
248 896
54 888
845 675
294 1
703 784
120 473
285 962
966 886
293 503
60 921
700 930
8 638
729 658
301 851
209 60
79 164
980 846
839 686
317 917
157 928
822 946
326 205
68 550
749 440
654 28
260 813
711 433
421 382
663 979
13 921
165 302
756 199
729 777
37 319
404 67
61 425
209 352
567 430
843 737
419 115
800 670
809 120
585 17
206 668
814 369
634 558
376 711
133 59
881 168
609 943
647 784
7 95
32 318
677 221
587 356
43 267
888 359
965 722
506 348
447 74
790 717
684 346
818 400
175 893
786 28
279 469
49 601
543 915
624 34
605 64
861 779
326 611
202 408
722 489
704 868
526 649
374 895
587 941
984 654
78 921
249 844
41 101
630 161
707 731
726 195
809 671
133 792
35 400
991 860
667 570
418 449
426 284
542 414
130 669
114 908
445 702
470 686
993 284
833 733
460 759
487 725
800 38
883 161
683 460
204 542
390 516
747 638
306 888
224 172
263 817
952 715
309 472
572 933
875 201
341 34
115 620
701 632
709 467
896 656
525 449
496 189
792 943
761 314
15 371
319 612
736 946
206 463
867 966
392 145
655 367
770 476
642 391
867 785
236 939
383 23
111 114
78 802
