1000 4943
671 508
600 232
982 633
108 916
382 640
808 567
878 958
974 242
760 389
722 785
959 49
191 598
960 896
782 79
503 783
770 777
626 543
950 732
290 869
809 915
367 814
682 942
191 189
226 400
343 753
119 165
817 230
672 570
468 611
343 715
549 364
715 41
73 417
845 208
76 88
900 397
339 239
850 285
9 478
889 444
299 782
16 376
767 160
324 798
516 189
19 104
131 386
513 850
945 429
559 242
81 444
373 22
191 462
394 684
933 718
290 781
590 794
350 165
886 678
333 286
406 60
848 371
100 112
368 19
943 698
948 378
505 431
185 804
747 524
406 378
626 960
998 739
68 620
336 869
897 493
992 681
367 168
937 120
150 990
942 854
675 451
731 341
180 213
322 203
171 967
114 330
439 951
153 954
704 806
29 7
957 192
655 420
72 251
19 318
183 217
372 829
845 662
590 898
634 609
959 123
357 198
965 972
765 959
487 583
736 839
809 925
590 321
534 674
924 781
249 846
760 500
87 473
586 607
988 274
954 430
862 751
496 287
260 682
81 586
354 360
209 555
227 852
926 29
965 659
859 401
847 804
224 62
131 538
498 523
615 98
501 388
766 234
449 245
50 13
692 620
919 14
604 798
970 12
882 216
608 44
611 417
425 567
744 137
49 323
413 738
175 391
585 420
622 68
126 371
729 375
38 815
294 133
441 855
207 475
98 829
523 433
320 245
431 825
584 886
612 984
270 401
510 72
422 660
959 375
797 376
745 63
212 50
822 831
930 516
930 945
92 536
863 422
125 559
612 681
311 957
977 551
708 684
122 886
430 88
982 901
552 222
917 586
754 796
442 754
385 583
812 221
25 181
565 952
500 228
510 672
448 887
983 729
748 885
342 994
419 636
58 55
668 86
668 700
724 62
339 856
1000 328
507 542
127 217
625 666
624 165
862 729
774 623
135 163
532 869
746 958
448 533
606 981
134 188
676 97
589 239
75 444
366 88
791 9
21 830
406 548
207 198
447 855
780 752
964 341
983 475
593 111
438 958
87 758
649 315
975 312
117 245
318 533
797 403
29 734
731 204
63 217
973 108
508 355
996 462
310 356
845 796
21 613
722 562
100 341
227 295
672 605
32 386
16 106
679 32
382 264
866 82
332 461
171 386
101 999
209 542
945 20
391 761
198 985
640 752
532 454
501 733
496 478
353 673
816 844
447 860
780 162
304 107
160 405
472 562
280 316
510 509
238 594
332 601
314 408
759 834
832 561
688 278
465 56
321 339
49 374
250 36
707 796
139 978
710 904
421 431
443 663
595 786
262 648
212 547
413 638
76 678
477 285
676 36
164 654
472 480
155 719
366 300
442 613
534 498
761 257
889 308
669 963
757 335
659 853
537 100
235 102
768 444
523 79
535 421
100 434
501 380
566 102
82 269
926 232
723 768
972 99
454 834
509 610
719 297
331 728
81 283
961 62
447 353
340 173
674 208
689 123
659 380
914 140
127 946
723 111
458 583
384 622
168 640
81 542
318 861
11 823
140 913
470 648
822 733
860 698
534 65
718 482
900 350
459 646
780 222
615 501
653 898
321 697
712 791
288 278
783 515
382 315
471 904
937 841
148 363
369 319
166 515
677 152
996 599
578 22
172 401
231 235
582 785
727 23
823 487
145 260
878 886
40 494
520 387
151 688
613 101
902 733
988 59
104 758
104 364
512 242
161 388
281 841
224 124
312 483
21 453
26 778
29 251
537 308
266 60
730 761
766 326
362 447
627 797
42 16
45 698
702 97
914 420
122 479
764 269
358 537
105 325
989 302
759 112
976 659
406 704
562 938
524 245
871 323
836 167
159 213
51 732
359 47
125 979
418 607
721 732
171 893
253 757
934 235
615 261
836 633
946 348
105 68
837 854
774 698
491 441
626 235
918 17
772 683
756 493
352 88
298 480
618 394
12 519
641 750
659 251
400 860
627 120
770 201
666 805
776 743
405 37
724 392
317 761
299 349
130 165
877 383
909 811
897 949
19 265
193 531
955 123
612 371
404 196
978 751
80 830
134 129
999 338
689 74
158 397
643 444
861 365
537 997
21 746
254 326
246 53
428 168
231 419
171 687
72 839
570 385
347 24
15 291
847 565
494 839
850 913
725 670
961 741
284 623
746 206
359 944
50 828
713 68
128 3
883 833
493 938
42 892
294 750
371 200
335 813
460 91
191 882
486 838
412 637
87 203
415 133
698 867
532 798
807 210
755 165
496 225
211 345
336 53
175 826
689 44
941 436
374 999
582 890
533 182
509 518
366 956
224 853
171 875
382 407
939 901
463 916
321 878
322 107
30 797
394 108
987 176
560 198
238 378
58 683
477 888
595 663
481 381
636 308
580 596
815 80
943 15
49 484
747 205
858 399
522 143
569 720
533 455
970 171
947 774
256 564
896 177
494 825
131 877
688 535
907 157
321 652
275 679
843 33
969 990
288 586
517 929
845 20
947 871
991 640
24 202
42 283
478 806
29 434
450 60
657 444
968 492
713 738
680 277
492 423
552 800
991 90
12 861
322 267
742 631
946 828
504 23
361 831
767 62
801 207
307 202
311 773
22 916
666 53
777 603
649 878
1000 695
296 542
13 548
361 259
896 973
334 308
616 954
517 212
314 606
339 922
921 97
413 457
464 89
724 850
217 427
965 861
413 48
144 326
522 838
149 89
759 715
281 371
107 234
121 620
379 592
23 197
237 658
843 123
201 388
553 927
242 181
884 276
686 381
617 327
122 24
57 302
219 629
622 931
763 213
296 149
518 633
822 864
192 529
754 591
389 660
305 729
765 696
287 611
787 74
550 922
437 18
183 71
518 302
799 636
797 967
959 840
1000 162
376 574
704 269
164 913
18 4
240 833
539 426
871 484
960 645
705 265
318 261
1000 646
67 154
730 966
432 525
793 584
336 104
586 772
329 13
699 154
277 890
740 787
812 155
440 750
929 927
561 157
947 629
359 839
547 990
531 303
662 519
80 647
348 475
836 594
836 241
939 239
229 72
618 930
175 140
675 303
40 325
92 574
399 162
791 982
943 150
822 20
524 56
448 683
711 709
694 328
968 839
679 374
939 453
906 129
299 423
335 950
601 555
998 615
151 554
86 941
248 270
641 570
110 953
146 270
377 768
917 72
495 175
261 404
212 764
779 660
599 225
346 691
365 978
986 242
968 549
127 842
679 9
224 516
441 240
685 354
553 973
926 41
498 466
343 887
579 621
803 885
662 649
534 690
791 544
96 426
944 307
374 800
505 508
158 198
694 323
327 221
988 872
632 878
394 37
577 237
833 592
951 436
108 176
800 647
263 633
855 558
749 487
161 518
932 22
971 494
749 601
445 57
205 596
352 392
443 636
336 167
193 149
746 133
51 444
330 481
16 516
146 408
441 249
77 752
23 916
7 371
296 588
817 788
989 785
130 65
712 156
311 341
549 508
503 137
771 688
457 409
865 500
97 703
367 236
832 251
957 903
923 212
669 925
768 65
980 917
527 99
965 140
698 732
312 814
151 640
794 356
351 578
629 737
725 422
822 750
930 273
649 133
993 25
994 393
192 719
868 434
820 997
31 209
31 300
620 381
70 377
127 301
109 978
366 270
314 967
884 274
667 969
762 595
559 719
524 974
105 173
69 356
470 706
195 479
97 891
259 148
760 218
230 884
247 142
618 814
747 308
679 938
34 994
1 637
185 963
69 492
939 839
688 363
279 535
476 355
929 698
804 562
577 62
110 850
127 912
12 271
369 66
612 410
694 722
983 453
370 255
947 66
965 92
669 843
28 57
15 111
255 938
760 216
311 964
898 55
990 417
1 908
885 704
635 216
744 437
1000 896
361 918
998 358
683 65
132 950
439 218
932 949
118 810
708 257
654 310
343 116
670 952
910 978
453 997
439 843
902 353
460 921
372 286
500 843
339 741
359 734
161 486
808 444
972 511
898 773
983 415
464 337
533 958
339 850
998 658
602 155
309 659
748 347
714 455
425 897
327 454
70 134
972 57
384 562
576 807
668 853
117 457
598 392
11 302
214 870
949 268
215 966
720 364
294 467
288 929
352 251
937 508
206 703
11 549
876 272
915 869
146 167
455 435
276 508
223 472
44 555
423 721
445 897
389 961
546 805
237 258
160 834
430 637
640 476
269 886
164 967
572 481
793 836
491 670
26 480
631 534
669 650
618 633
446 952
760 209
327 624
845 680
936 860
718 67
133 823
462 886
229 158
618 904
45 79
397 269
663 574
864 979
593 235
421 722
977 543
62 732
284 879
974 785
943 744
87 129
642 133
553 147
717 597
115 606
773 963
244 890
305 525
134 154
390 391
945 297
566 196
586 45
513 859
237 602
861 245
980 78
402 327
847 587
63 663
231 635
11 207
674 846
638 615
767 255
896 194
933 30
582 339
936 664
799 706
207 738
359 3
616 65
707 215
319 889
61 732
747 726
821 323
549 409
32 211
527 127
224 964
888 630
499 74
193 591
614 977
726 574
379 672
305 261
677 772
306 726
163 758
236 795
917 603
774 828
278 592
707 958
643 667
466 455
794 950
463 241
33 198
887 562
490 350
346 330
914 607
93 559
684 585
722 225
762 373
670 282
539 416
160 538
452 901
881 576
688 916
311 808
910 721
459 125
539 176
778 763
744 594
272 952
528 14
303 196
305 173
344 832
749 810
87 159
246 596
348 197
222 698
575 488
888 50
45 728
883 399
945 458
818 88
610 312
988 976
802 427
770 682
642 704
542 753
422 706
277 842
293 753
305 406
190 729
95 893
638 518
362 255
514 272
333 464
844 129
238 144
936 257
775 667
261 492
870 630
279 456
393 828
575 239
983 131
894 145
271 242
881 900
937 69
396 824
499 628
762 633
172 840
552 361
950 17
840 664
514 924
52 963
669 973
18 47
626 472
557 803
314 547
665 761
919 66
336 764
924 578
1000 232
859 694
51 726
503 833
698 371
990 792
384 759
998 841
497 82
261 905
392 194
339 646
837 198
433 637
413 372
507 25
141 794
364 646
303 159
148 541
495 973
629 36
675 94
63 857
232 646
937 780
710 282
784 109
611 265
694 85
450 316
200 313
327 419
292 391
653 896
649 962
796 426
521 111
731 399
166 24
123 454
307 143
110 602
384 234
369 311
448 101
61 900
447 842
139 155
890 444
731 564
929 380
202 487
981 706
168 171
520 960
170 519
879 854
316 355
120 868
137 10
290 646
784 475
513 679
897 93
865 619
939 592
853 525
173 55
193 665
973 562
531 967
161 944
1 667
457 796
900 240
142 787
365 22
957 599
815 840
744 583
616 359
906 784
851 620
656 627
253 591
180 671
326 165
953 215
662 835
956 100
23 159
791 398
195 554
121 600
466 686
657 449
572 629
879 267
924 129
648 71
557 115
135 982
323 901
270 700
238 658
881 915
553 334
311 927
311 586
939 130
902 778
427 540
172 166
63 282
542 541
446 922
141 7
894 784
347 639
441 392
683 249
581 249
595 107
849 914
38 51
379 724
927 935
397 920
788 738
520 895
648 308
575 268
171 119
857 237
191 120
594 199
739 97
653 393
119 137
980 64
882 225
535 57
593 955
939 900
483 886
523 830
428 160
638 468
782 25
253 469
253 165
347 16
376 337
972 447
117 933
246 715
48 403
956 683
528 131
342 222
865 148
130 530
250 374
755 60
324 995
224 15
170 455
318 969
505 861
104 565
528 642
70 692
125 695
883 758
120 27
26 518
336 45
706 420
12 120
610 831
803 611
110 478
971 8
679 475
58 125
495 629
522 985
710 752
628 60
51 22
716 407
613 295
147 282
701 667
997 548
597 47
462 831
619 621
763 846
711 833
32 889
973 90
156 839
803 317
473 102
273 129
586 616
4 974
294 387
442 69
26 670
56 222
634 721
191 25
767 13
565 199
472 287
602 20
876 741
791 645
847 344
878 728
83 391
650 486
447 240
359 647
603 102
622 198
915 162
326 738
295 810
439 897
867 112
522 960
777 344
983 345
872 5
422 563
296 354
163 676
747 967
696 360
177 204
771 374
402 962
222 20
424 444
950 422
347 159
955 525
849 49
278 245
836 892
908 417
145 728
939 343
273 637
456 683
720 733
702 43
332 109
151 494
320 777
230 984
211 758
820 837
327 698
470 74
1 990
622 921
471 786
266 660
846 913
332 783
116 758
745 628
305 773
328 768
610 354
604 579
788 477
927 20
19 514
441 673
133 187
173 834
742 753
626 900
929 257
692 795
452 989
73 384
56 456
312 381
332 699
991 361
443 242
781 901
546 577
413 1
219 881
770 409
554 90
545 578
766 818
173 360
625 39
471 764
471 811
899 810
882 718
186 451
336 791
725 797
632 985
284 94
377 494
300 243
412 699
784 500
306 872
56 555
697 547
75 851
954 633
24 596
369 626
632 222
21 279
317 327
180 148
731 146
941 579
827 240
28 157
973 444
794 821
264 559
924 192
730 806
13 106
893 843
514 433
73 282
169 558
725 541
264 886
932 372
618 755
636 758
160 492
841 202
731 615
964 316
710 603
645 758
580 545
816 658
429 576
12 53
571 891
734 469
293 857
347 568
286 13
350 905
424 64
334 967
207 383
617 572
906 495
191 379
428 863
865 538
677 123
309 49
679 150
986 626
352 893
832 252
616 152
110 779
780 372
191 456
174 400
48 511
905 621
535 952
453 423
625 990
980 55
224 978
73 210
152 355
437 335
362 648
980 147
619 181
105 114
982 316
514 718
215 792
110 840
570 889
930 823
205 407
250 769
685 600
558 285
217 671
231 952
489 951
806 867
289 58
826 37
374 242
148 9
921 609
389 13
617 549
305 495
836 414
379 790
657 111
397 854
487 355
817 521
251 830
847 857
884 981
976 888
207 702
443 281
816 930
196 634
88 355
141 626
454 664
915 854
163 733
489 860
533 925
812 233
78 488
261 200
597 814
284 946
157 444
837 330
803 502
716 692
617 454
40 405
169 124
2 132
366 282
945 857
105 914
217 949
180 47
319 108
593 568
19 107
623 300
576 801
259 15
333 44
861 735
944 330
106 592
679 132
666 734
169 286
726 5
334 53
657 397
502 540
467 133
503 312
219 640
454 297
883 681
618 113
649 194
635 698
267 221
929 690
787 409
517 693
898 473
517 475
922 102
295 300
191 257
546 231
939 361
401 764
272 644
937 962
511 115
972 455
665 371
214 345
406 485
377 704
503 128
380 603
289 71
15 228
971 687
754 254
858 493
115 798
336 102
256 994
446 239
941 280
394 839
894 84
117 243
314 773
807 729
668 911
667 795
941 509
651 878
174 99
784 558
711 566
161 510
876 726
423 831
717 342
695 942
438 409
69 455
684 417
960 954
226 9
902 646
45 345
946 709
13 538
356 999
604 200
380 341
736 267
348 65
899 339
296 103
86 725
96 853
815 942
248 416
852 337
1000 314
86 766
748 592
777 727
339 559
595 592
679 39
293 372
501 360
119 555
411 912
927 22
130 182
470 583
716 752
933 374
247 819
629 423
332 233
244 304
691 683
83 447
826 854
468 537
766 704
697 605
694 795
533 545
880 835
368 776
534 271
826 213
477 768
665 519
760 281
977 885
739 806
906 315
528 538
304 271
754 292
214 124
968 187
470 490
164 350
77 652
25 107
580 966
745 701
48 329
999 475
344 261
45 316
231 375
520 658
613 224
652 829
600 43
49 283
982 917
768 700
589 993
736 571
570 750
936 610
480 886
280 302
99 759
762 854
11 918
76 198
586 85
561 563
552 658
238 341
939 719
534 843
448 501
482 189
668 505
580 799
354 222
902 259
841 97
606 834
271 456
535 907
628 287
61 272
4 977
919 215
499 622
742 291
474 766
600 813
481 621
747 333
293 930
518 165
437 421
710 851
81 392
835 630
144 783
329 342
849 495
144 888
594 326
600 90
710 923
352 459
831 55
119 698
26 251
231 125
731 483
631 181
491 784
954 472
790 66
862 469
794 1
868 8
45 558
579 183
781 687
911 417
841 106
513 709
636 587
436 188
865 774
368 239
739 829
556 669
182 967
151 70
616 176
172 841
140 551
907 262
746 354
803 761
697 273
936 396
40 65
520 310
443 908
482 417
318 502
871 324
247 867
503 832
670 123
144 37
476 647
935 125
847 944
722 65
850 10
191 221
731 504
641 45
75 353
297 592
166 834
817 300
672 612
608 189
531 522
142 490
590 711
39 6
720 433
826 952
919 574
884 332
18 287
577 569
7 769
190 547
618 272
326 488
124 540
947 228
756 183
649 233
550 259
506 718
59 484
166 568
793 436
93 57
598 543
679 790
527 90
934 726
742 579
680 547
663 397
971 100
754 825
222 995
201 719
915 995
48 604
506 831
893 492
344 56
438 710
257 842
276 15
168 880
994 664
561 658
980 759
656 16
658 300
489 308
840 693
917 924
937 483
683 316
974 792
572 609
248 35
544 331
446 383
945 761
432 916
417 842
643 529
399 240
980 47
840 386
296 985
1000 5
649 603
872 973
597 885
28 75
818 66
321 570
505 325
175 894
950 176
988 552
184 313
771 207
739 759
189 962
426 500
498 702
318 115
945 784
765 869
968 154
807 241
145 50
937 896
735 93
311 48
705 26
923 637
441 623
119 574
556 723
324 823
453 335
95 858
723 355
560 56
803 603
787 10
229 163
194 455
450 176
358 521
823 877
953 548
804 410
883 752
429 714
171 912
619 688
633 268
246 558
941 518
138 312
599 110
15 393
629 819
505 543
469 828
723 661
354 455
244 282
762 302
1000 109
784 964
503 988
824 678
736 333
990 584
420 891
46 24
421 398
639 340
914 86
646 681
245 880
121 834
655 206
1000 669
186 773
509 386
457 506
28 568
964 420
59 65
439 686
689 519
210 47
32 45
794 621
676 283
881 757
219 458
166 152
976 207
404 98
129 839
279 262
229 867
764 761
376 810
798 621
175 465
837 958
566 148
746 702
73 769
535 650
369 133
403 112
21 545
563 13
560 285
797 64
817 255
124 834
765 887
905 828
236 107
826 7
440 235
22 938
77 714
370 341
947 632
946 214
50 483
711 399
876 27
86 580
881 416
863 901
310 783
39 199
756 363
756 800
522 824
149 447
606 109
857 927
358 502
859 703
418 526
73 953
185 924
481 41
938 383
149 57
277 375
777 462
580 678
147 958
247 273
619 287
213 220
948 734
564 985
369 665
408 962
575 857
871 502
759 702
233 588
859 861
532 829
394 9
735 72
34 713
611 525
413 89
370 139
914 725
561 235
138 839
447 591
998 853
531 559
876 932
950 423
735 985
332 842
334 610
595 948
212 287
744 240
998 403
564 154
75 649
803 76
25 212
91 302
73 930
790 273
294 608
336 727
332 422
82 487
338 27
928 128
48 821
634 388
340 979
56 22
932 703
770 270
95 129
244 186
372 436
135 821
853 53
726 813
186 630
34 245
342 570
164 881
222 155
754 538
347 912
701 225
77 764
244 636
207 360
483 979
34 7
580 24
193 266
156 698
730 685
565 167
954 58
770 487
311 787
900 220
936 76
613 875
561 426
815 419
619 738
504 848
800 483
329 528
516 345
22 605
149 75
685 9
193 596
86 931
443 724
662 458
54 88
471 810
604 898
898 831
723 228
335 234
122 639
653 177
784 603
910 378
4 587
986 593
570 426
730 914
227 623
832 375
832 828
192 609
279 609
95 356
471 148
124 990
340 515
580 215
734 55
106 922
991 154
367 668
701 878
445 583
138 129
35 839
712 230
568 107
277 995
156 414
812 692
527 979
575 157
708 211
524 891
11 648
746 461
246 88
988 646
236 850
147 729
811 948
169 113
460 107
909 537
577 778
201 702
104 133
32 354
915 8
782 558
710 307
236 79
91 897
883 956
463 704
996 335
172 889
524 486
339 814
338 548
910 955
808 125
705 963
145 409
438 550
186 240
549 536
802 421
172 451
744 162
891 480
546 592
930 434
251 181
128 47
54 630
19 753
849 798
169 233
700 381
961 904
67 316
413 749
142 835
309 940
201 422
438 832
915 176
151 271
43 455
81 136
705 387
852 470
268 813
378 605
309 989
680 223
34 820
771 808
305 870
705 646
189 409
524 523
118 619
504 427
527 944
841 409
90 338
808 238
534 25
992 64
774 967
289 492
60 107
460 781
248 838
656 533
382 978
254 202
861 290
865 380
773 283
23 283
759 678
748 610
763 541
602 239
634 719
739 673
343 400
132 154
436 35
271 475
717 238
612 388
975 96
9 55
981 841
49 472
341 703
983 224
589 734
167 307
590 503
244 245
503 431
501 953
639 818
445 637
252 650
937 873
807 850
866 608
590 690
615 159
46 181
546 982
85 102
304 85
153 919
18 97
740 201
353 89
796 989
946 888
780 775
674 628
343 300
186 484
387 839
688 499
373 263
448 994
64 715
195 792
549 260
823 165
94 469
331 456
868 687
314 346
796 204
745 60
447 657
640 176
184 850
752 90
226 200
366 547
754 935
349 763
490 409
868 331
935 383
70 563
29 455
12 257
175 855
677 784
646 867
716 813
971 575
145 864
368 29
893 211
439 834
336 673
190 810
191 631
965 608
657 823
118 887
895 62
560 115
572 115
764 542
956 869
498 397
408 488
649 750
998 326
396 973
412 860
801 249
399 682
412 896
368 865
845 241
440 163
44 100
520 541
996 355
923 584
318 543
446 345
910 456
209 825
519 129
762 643
237 64
718 462
1000 245
523 547
527 572
474 862
897 966
518 300
495 580
411 973
560 333
805 37
947 575
575 469
930 307
155 78
982 388
557 714
594 308
95 493
281 419
649 860
524 758
335 220
62 828
781 700
604 555
4 562
329 709
270 673
257 555
626 363
817 466
367 975
339 979
11 350
12 749
133 850
342 785
415 165
590 744
416 386
700 488
701 470
370 93
153 923
190 304
796 955
685 290
784 851
492 312
125 410
142 232
552 857
93 241
346 801
975 215
293 297
244 312
882 226
619 578
727 445
361 854
748 870
859 931
624 225
2 963
111 541
967 3
593 599
831 451
744 112
370 958
707 88
514 605
806 647
607 178
2 978
170 486
500 478
268 14
706 842
988 96
38 620
665 131
169 377
132 198
444 165
689 5
528 304
174 447
113 125
512 922
736 120
347 819
629 424
121 635
853 5
636 891
482 840
718 79
513 683
788 302
662 597
982 296
384 609
847 603
406 994
628 921
449 602
212 33
708 549
343 840
948 478
626 954
607 630
476 20
331 500
7 779
871 189
708 609
782 232
825 124
896 449
141 486
644 265
437 533
42 785
44 82
320 856
878 417
362 913
896 779
523 769
680 573
308 851
627 397
517 406
349 121
443 585
787 410
930 103
144 10
267 644
289 793
12 73
387 687
899 874
344 691
996 891
63 652
998 354
470 646
817 540
755 480
970 886
440 981
347 611
705 530
268 664
511 242
963 761
929 781
566 602
67 283
127 79
219 486
662 243
773 916
349 887
631 96
902 568
815 818
46 660
545 735
822 529
744 722
993 723
111 886
641 27
994 915
153 676
333 291
499 208
762 739
653 719
781 282
104 64
415 841
45 165
362 239
358 494
623 637
93 386
419 435
756 933
127 456
580 609
100 734
982 35
609 818
392 455
153 835
677 170
533 96
42 536
992 153
422 796
38 934
759 584
61 213
11 951
321 648
342 392
509 110
437 666
367 815
205 128
409 417
513 297
1000 216
136 295
531 752
557 506
932 207
561 695
950 815
2 148
863 26
774 355
746 855
812 767
261 15
227 508
376 908
503 44
675 250
643 462
517 643
917 750
498 419
372 67
318 885
926 380
195 65
346 223
143 587
330 693
739 809
96 69
499 254
594 393
597 337
873 371
1000 261
263 855
654 381
801 671
876 181
159 587
491 209
774 902
1 807
262 255
564 907
230 382
432 214
177 984
556 344
170 761
245 785
348 91
235 199
28 242
670 673
947 988
730 468
531 870
783 825
952 966
113 608
631 785
844 825
276 587
791 199
374 562
194 995
998 856
62 478
527 841
343 667
396 855
163 17
56 53
771 411
166 536
665 298
101 139
260 71
689 518
444 542
104 908
49 106
565 769
656 611
161 91
556 300
993 49
554 111
595 608
168 584
31 814
26 516
12 790
441 953
327 355
175 610
775 609
80 958
852 436
650 532
760 17
448 964
970 795
862 176
832 750
168 273
776 155
883 86
26 750
874 340
377 74
740 435
640 890
932 467
491 901
513 419
164 210
95 558
519 749
606 20
351 15
794 585
959 433
561 834
232 958
748 913
820 145
61 953
18 447
271 915
937 509
93 143
75 908
519 258
666 210
939 871
636 830
122 353
987 839
440 279
680 165
415 462
788 820
401 33
348 995
383 913
439 468
793 205
44 484
669 109
267 786
457 679
676 225
90 829
110 797
440 957
366 651
972 994
238 753
521 763
367 536
406 66
81 455
111 297
470 878
894 779
329 669
553 48
717 655
845 178
497 761
131 102
352 196
617 926
61 249
82 85
48 700
998 79
654 342
654 651
884 573
91 148
246 205
590 773
201 624
635 979
482 897
284 936
415 725
209 804
254 830
453 918
917 657
882 725
439 45
776 58
812 739
613 579
482 199
446 634
674 796
929 501
272 222
988 887
60 67
717 858
166 279
914 10
969 678
977 949
373 548
615 997
32 905
643 245
825 265
992 631
496 177
528 961
857 835
677 877
299 11
391 417
321 58
712 811
322 734
324 806
18 711
661 297
203 58
593 675
521 478
859 470
960 671
638 210
546 773
347 581
543 768
401 915
508 664
567 100
794 953
30 864
293 5
539 341
685 462
823 903
244 383
972 673
374 80
250 98
69 494
417 243
915 620
701 946
756 911
354 814
297 678
652 918
912 74
139 752
177 72
289 630
968 695
464 886
437 732
149 567
739 884
863 630
635 624
610 54
504 269
126 499
254 260
642 750
288 733
810 233
242 74
174 50
941 610
928 794
691 221
512 729
193 910
680 757
553 265
164 123
189 14
970 104
148 684
509 466
246 540
286 103
549 989
110 822
419 921
791 319
668 843
425 815
465 317
704 20
526 326
674 468
821 355
126 619
260 60
551 958
662 647
576 671
133 316
739 485
524 41
502 512
546 26
231 212
711 259
269 300
288 608
769 182
398 176
274 386
405 839
560 797
423 551
157 886
531 608
31 758
586 961
133 33
860 922
521 345
111 630
498 759
407 734
157 338
887 80
272 814
297 381
279 824
680 651
145 587
457 310
610 257
976 892
131 648
358 523
190 394
744 626
649 891
746 459
289 75
400 210
491 614
917 805
896 24
632 786
303 635
267 540
490 908
270 397
457 16
859 257
48 471
631 506
722 434
336 249
724 50
376 416
763 540
965 968
96 49
219 225
861 338
274 985
495 921
577 109
517 843
597 98
655 326
817 276
412 642
196 215
270 634
951 410
863 227
465 868
852 144
85 302
653 300
342 474
983 80
948 54
310 433
77 410
96 434
702 125
685 219
101 857
83 450
831 925
763 420
895 532
219 642
680 912
883 286
718 763
479 870
616 269
263 154
710 427
470 979
821 962
271 703
365 454
810 686
762 601
778 378
482 559
250 134
87 466
643 120
936 259
662 98
424 738
205 24
902 390
452 414
246 614
927 410
507 650
54 786
163 636
298 640
900 834
867 378
586 936
636 307
937 51
408 423
533 864
326 678
37 262
954 704
416 426
955 633
723 795
757 365
118 851
65 922
191 630
765 258
966 397
91 392
971 399
310 543
998 464
775 451
965 754
580 220
170 129
927 841
747 904
729 102
287 686
387 669
219 108
917 893
2 961
627 773
5 854
361 220
250 622
643 551
917 122
679 254
879 78
12 932
274 544
689 486
776 290
873 309
266 813
836 260
694 286
549 664
674 356
18 391
73 317
466 326
437 938
195 750
632 44
440 685
759 251
652 220
104 645
553 648
86 990
432 721
180 602
666 754
24 529
443 89
559 192
762 361
393 823
757 255
175 518
579 985
286 596
984 111
110 222
457 696
132 898
299 205
83 360
64 886
727 606
999 469
731 693
514 63
164 530
40 512
609 558
904 691
900 763
411 803
812 389
668 130
136 51
263 112
763 587
518 905
859 719
782 707
254 338
879 752
509 613
147 222
993 450
527 844
577 216
387 345
226 467
501 82
390 125
701 633
930 756
92 963
716 376
455 228
383 283
754 925
496 416
334 896
705 60
521 197
462 355
998 698
505 86
87 326
361 140
416 737
662 119
256 224
275 316
735 583
272 33
71 8
514 634
707 276
633 512
160 908
503 724
629 518
126 433
549 399
570 203
603 129
612 159
68 719
852 27
805 53
616 959
359 622
360 536
533 704
146 143
417 302
644 751
807 273
6 704
368 934
83 79
247 430
668 964
303 488
300 179
639 995
218 208
214 795
113 635
76 585
221 165
499 968
632 606
617 270
550 285
344 769
348 821
969 35
275 910
224 102
425 894
299 59
689 375
411 319
860 427
413 47
894 231
571 541
329 154
419 738
993 355
496 645
70 140
411 562
926 290
5 469
535 158
730 329
287 273
180 509
986 623
593 499
772 537
397 14
956 667
315 200
333 297
237 102
344 51
195 113
988 337
384 974
754 911
314 768
866 821
454 678
521 840
787 799
67 584
194 64
286 785
340 732
940 995
309 523
128 9
701 399
539 604
775 233
608 140
887 798
943 237
710 168
909 984
180 792
254 137
587 469
826 764
331 54
170 254
880 345
498 605
121 33
347 400
174 462
497 443
567 285
227 929
626 309
723 295
40 900
402 279
594 109
575 360
996 498
465 39
446 3
802 693
896 690
453 526
572 47
148 860
956 769
656 711
794 17
689 845
634 781
776 100
110 473
306 20
395 667
676 93
417 181
465 235
292 393
717 781
325 511
485 789
974 462
96 952
873 220
1000 980
765 470
692 938
906 350
570 228
200 839
510 286
185 66
349 217
295 502
62 173
653 630
599 414
580 856
71 33
163 832
933 273
534 433
369 135
296 874
521 603
750 207
871 912
599 274
638 101
416 233
532 143
720 973
4 800
766 143
541 434
446 405
671 137
382 239
732 828
2 500
712 184
149 521
367 637
188 97
873 188
524 715
544 324
494 51
672 995
802 91
161 65
258 813
312 313
625 773
992 182
651 449
466 676
802 769
982 974
287 268
362 792
990 703
327 176
777 152
127 216
617 345
946 330
985 733
642 444
553 436
119 361
662 955
436 143
645 364
998 374
852 186
533 637
447 603
751 583
638 478
618 408
968 199
414 702
59 669
517 215
521 436
41 588
868 864
776 697
135 547
396 220
49 678
11 363
692 67
468 216
452 677
783 400
87 950
589 67
418 363
534 502
168 585
519 211
44 607
100 89
724 966
896 735
837 353
930 270
808 922
885 709
366 843
365 833
983 189
632 530
832 623
320 724
945 381
356 719
379 921
12 601
450 818
894 509
864 267
442 622
475 516
425 383
99 400
636 89
428 855
517 684
655 209
215 484
566 436
514 125
271 877
643 332
757 353
389 877
325 701
230 35
695 540
955 17
642 217
953 239
238 916
459 338
370 478
684 137
668 243
852 77
943 315
675 3
665 286
881 773
71 603
1 112
809 931
935 24
95 719
977 757
120 312
117 814
250 384
125 57
489 727
933 66
347 99
169 973
946 337
810 287
723 530
214 9
123 878
465 156
672 468
230 75
359 987
485 620
342 239
306 964
347 144
438 132
973 124
439 245
314 459
633 769
852 578
101 502
229 663
750 989
259 851
254 283
914 384
593 684
258 681
132 8
201 987
543 112
126 346
782 489
821 41
714 43
841 741
955 703
26 973
898 419
823 326
873 391
86 596
219 9
768 789
988 267
163 973
274 239
37 72
820 216
900 922
740 14
170 633
248 964
119 67
943 38
266 462
159 409
163 7
519 898
990 690
25 925
190 353
552 480
638 421
712 225
566 204
490 365
953 915
236 966
493 208
368 508
519 371
26 542
437 648
45 232
933 727
948 824
325 61
933 357
805 702
455 355
457 512
764 403
770 6
535 17
710 629
567 809
750 123
340 532
667 181
77 755
997 630
542 178
725 242
531 570
601 444
675 901
413 102
693 942
142 913
608 346
717 803
403 176
187 751
595 17
498 539
739 924
319 433
992 393
12 287
748 68
72 242
70 231
277 807
367 848
42 477
304 880
270 898
564 25
303 637
567 124
680 758
550 673
276 167
739 926
442 258
614 931
649 752
411 875
492 864
286 403
569 648
552 5
845 640
752 154
677 612
131 207
422 41
174 156
376 550
305 139
969 681
16 663
680 361
844 82
951 987
630 583
959 468
679 563
835 90
581 610
214 704
831 743
623 860
418 390
990 10
534 568
991 745
983 56
906 870
671 751
784 897
621 17
876 287
638 490
164 793
289 20
643 70
848 110
349 612
740 737
524 963
742 526
413 668
711 469
151 794
470 461
550 102
657 201
662 410
994 715
848 578
742 377
906 88
764 417
362 377
214 285
159 57
821 806
625 304
739 686
286 480
132 93
775 302
501 815
835 67
763 430
346 8
31 499
513 987
643 916
279 942
936 905
775 549
351 695
797 585
653 702
488 699
253 571
145 111
56 990
493 76
827 481
186 475
649 404
317 337
461 430
724 162
263 301
565 605
584 703
728 538
144 801
948 810
28 669
933 111
754 115
440 354
477 931
775 715
705 192
744 464
716 599
946 673
970 457
362 958
141 930
625 297
37 139
114 216
497 800
442 346
98 427
405 541
669 875
247 131
638 202
437 32
977 829
757 623
73 837
271 107
934 538
955 188
794 815
852 119
963 345
319 968
730 929
126 675
382 521
571 473
827 696
591 700
405 393
498 861
279 165
689 505
397 703
566 831
417 480
200 687
727 427
976 8
369 200
974 490
705 217
320 975
530 137
495 775
875 265
893 234
180 160
346 159
793 850
250 545
15 867
923 743
594 252
5 918
460 822
211 129
356 417
929 148
948 538
898 316
58 65
96 569
509 458
334 761
99 129
671 17
341 734
122 295
656 827
626 572
206 671
974 66
170 99
961 223
586 114
730 750
358 743
298 57
126 206
989 84
847 42
334 550
708 805
639 45
907 987
694 395
288 963
914 446
823 664
133 341
370 407
519 13
670 462
489 35
986 995
957 857
970 121
336 482
661 350
800 257
757 159
153 718
99 755
228 920
816 729
269 386
413 719
185 360
626 567
872 944
844 993
541 700
556 795
699 753
665 213
317 265
482 359
543 559
294 746
160 204
675 168
157 752
902 155
937 388
149 934
352 453
740 532
628 383
762 473
765 636
344 264
943 419
382 789
145 967
148 255
452 608
80 258
884 350
545 755
450 652
822 486
136 478
575 779
399 14
347 828
376 459
78 22
760 105
650 200
468 605
778 990
543 72
836 198
565 512
657 807
947 432
412 153
217 216
679 71
900 224
443 682
996 396
906 976
577 447
986 211
566 768
491 941
649 538
810 478
44 750
78 741
119 476
804 652
603 630
765 458
488 10
930 554
845 801
40 728
424 383
166 525
973 915
685 62
191 64
377 252
586 456
343 478
626 726
92 222
720 671
917 27
593 106
80 67
208 8
209 216
853 3
398 391
996 866
550 758
593 297
246 662
974 994
405 429
575 714
389 291
763 673
927 488
293 224
397 792
739 876
575 727
292 388
844 729
517 333
839 515
242 378
429 155
83 377
727 623
653 328
802 898
305 218
180 786
362 925
931 433
76 867
296 409
441 592
499 92
83 947
104 33
309 722
782 153
45 861
253 85
627 999
991 568
61 419
391 179
317 537
247 422
105 70
226 693
350 541
586 543
792 233
325 71
437 378
19 915
132 691
61 702
685 985
373 636
46 248
885 84
382 136
681 733
876 511
850 22
110 13
277 823
759 240
189 687
652 854
688 615
814 630
780 514
450 189
425 147
713 609
731 846
514 315
311 278
21 861
978 753
872 364
270 954
910 85
343 492
290 216
364 55
438 927
366 488
975 807
99 856
960 726
136 973
319 327
865 315
1 878
782 241
292 315
148 93
27 732
957 55
884 728
941 157
526 20
674 878
876 502
968 623
832 922
950 515
183 691
294 922
296 642
406 621
762 64
889 696
174 946
817 894
105 700
489 797
774 706
83 711
614 588
680 676
561 942
817 516
117 965
185 233
748 386
804 444
19 381
771 512
993 493
847 510
92 856
928 262
641 421
714 385
512 67
201 210
965 810
586 594
608 501
408 799
499 277
762 559
355 386
379 891
710 989
911 116
16 702
398 89
771 404
957 620
392 840
193 476
56 806
655 900
600 635
87 198
87 525
986 659
328 719
365 363
937 378
956 562
645 516
439 709
117 53
320 687
100 74
780 601
247 694
68 36
107 3
126 317
236 216
970 911
329 29
679 869
630 839
99 838
190 388
45 841
501 5
230 463
530 10
804 10
420 681
663 924
23 459
209 929
619 950
311 135
656 1
731 138
641 755
198 55
801 148
437 710
336 589
924 563
926 827
247 211
502 345
142 752
841 559
146 88
58 605
365 687
186 764
276 683
440 730
977 610
635 967
563 473
928 421
339 419
309 58
329 952
358 478
977 383
517 392
423 259
888 200
737 530
708 936
910 819
783 341
147 453
1000 272
349 350
349 460
259 41
651 430
546 728
121 840
123 700
489 217
514 561
168 345
649 515
624 228
993 652
333 483
479 68
157 323
448 237
754 5
939 625
938 378
756 850
206 706
445 922
319 636
893 977
432 523
490 574
343 496
127 423
589 504
361 573
934 139
270 215
277 892
640 65
336 797
226 84
320 145
357 52
505 718
144 404
680 657
275 180
246 342
364 542
164 209
191 540
445 892
847 149
466 620
794 936
507 722
74 154
146 59
111 106
690 867
193 375
509 192
374 811
26 891
288 168
40 408
418 945
611 386
900 700
716 859
170 913
613 916
764 380
720 27
288 263
567 871
533 766
988 962
428 926
517 815
757 997
367 946
426 922
305 342
135 822
726 383
32 218
30 237
945 208
401 787
382 15
263 911
367 547
206 377
885 759
317 274
429 987
193 882
486 660
736 671
444 922
332 695
132 532
868 798
426 265
402 486
224 401
998 978
527 24
196 454
788 853
114 107
81 178
793 44
170 242
650 751
705 261
135 101
853 74
599 15
103 433
677 705
291 228
816 547
702 364
21 159
319 37
832 629
135 815
137 621
598 699
943 544
685 98
472 869
914 209
164 304
865 978
440 131
149 895
983 2
252 811
534 421
514 977
930 506
489 858
309 633
522 394
497 745
207 134
75 71
151 988
77 611
321 462
11 963
75 723
927 908
195 682
572 993
164 22
884 645
77 905
517 723
118 885
377 385
998 531
999 355
305 936
465 427
489 249
218 602
610 872
662 273
169 931
582 430
912 89
492 313
552 312
534 869
655 370
197 225
454 588
293 823
917 274
44 789
797 210
284 606
340 88
250 663
324 242
288 499
34 574
330 3
111 129
629 350
533 703
406 71
581 22
174 404
310 702
568 682
277 815
887 222
561 107
977 252
730 261
256 955
33 846
782 88
668 989
622 795
753 920
363 375
546 769
507 197
115 45
478 243
504 661
503 25
431 364
332 108
641 999
306 790
572 427
557 207
280 133
816 386
744 959
890 66
195 18
566 39
398 925
881 173
164 181
899 615
600 212
25 768
762 120
446 225
156 68
143 658
712 279
70 646
569 370
716 826
401 544
437 482
128 851
255 300
457 242
816 224
248 751
672 735
514 723
342 33
570 467
218 921
911 855
992 529
495 69
885 602
153 273
129 621
83 29
504 913
490 835
982 698
51 68
549 280
437 201
628 263
518 258
833 337
117 184
600 526
173 990
346 114
208 855
712 762
499 515
472 350
505 953
455 67
334 580
482 414
755 210
191 945
838 52
731 106
895 173
164 953
91 203
29 601
206 119
654 944
742 227
747 433
199 143
839 922
860 240
881 266
293 849
296 213
369 897
262 84
155 10
848 606
32 394
970 816
808 763
110 258
627 715
662 405
244 602
961 697
827 967
169 538
568 773
96 969
42 524
661 670
290 681
956 79
666 158
761 225
300 112
908 375
765 431
413 506
643 378
642 346
970 127
75 10
597 698
123 686
827 864
482 451
613 518
120 838
832 241
983 611
767 132
623 605
511 919
556 797
481 925
479 254
190 466
373 978
880 35
598 277
103 148
712 46
305 488
307 508
325 658
770 41
662 566
257 154
57 741
556 103
791 349
208 834
7 338
34 410
250 254
360 925
637 733
29 605
34 391
711 569
666 300
403 830
116 80
977 530
191 935
485 779
941 212
848 388
594 570
939 23
560 827
136 72
742 23
742 600
717 651
195 208
352 892
783 720
625 241
471 658
2 506
883 552
899 463
441 176
866 806
189 786
136 364
138 112
141 332
988 245
456 478
777 410
347 529
517 346
369 249
634 240
797 324
590 134
945 14
948 239
439 307
288 97
774 931
294 451
406 266
915 444
457 417
809 148
371 154
83 932
501 381
141 620
138 850
428 965
638 252
379 234
309 139
419 65
95 766
929 552
317 488
423 706
320 764
679 660
503 69
405 331
991 203
807 454
666 540
478 555
338 573
556 652
486 22
329 262
366 253
387 995
205 758
133 913
119 479
707 278
673 855
447 68
214 281
272 892
384 273
293 505
612 332
518 823
317 483
565 637
270 829
253 91
36 605
843 935
254 673
59 25
367 898
577 215
957 809
227 458
454 918
799 399
912 33
642 841
933 623
625 566
16 919
917 720
899 317
95 884
284 453
186 198
455 108
701 58
550 435
847 725
852 512
707 200
428 479
796 981
969 383
497 566
626 469
38 922
863 384
296 410
314 402
577 354
744 323
247 797
685 488
51 733
784 265
126 884
470 134
227 866
937 732
900 634
996 919
963 89
351 664
745 657
524 331
923 287
103 43
196 148
253 922
725 257
2 455
577 530
632 68
756 492
334 912
820 148
159 433
121 209
306 55
882 262
576 682
276 243
821 569
613 833
844 15
675 870
581 680
70 580
271 952
491 555
122 603
40 76
994 831
575 261
299 534
836 720
156 949
965 335
550 205
80 558
327 188
130 851
96 620
346 864
49 403
947 390
360 17
528 540
382 487
56 187
864 173
489 944
277 131
226 759
5 729
136 243
172 164
979 588
602 647
508 583
790 414
520 345
466 609
648 419
206 138
499 444
321 90
42 852
384 548
161 78
141 549
401 607
608 273
793 994
757 671
976 282
868 963
742 91
797 473
360 393
531 746
344 404
16 913
290 208
253 111
971 506
332 635
183 673
443 600
336 382
888 187
679 609
941 922
543 47
981 200
643 443
646 583
126 586
881 473
174 954
992 804
714 283
367 526
443 713
742 133
46 459
832 184
380 529
180 694
632 905
127 233
275 346
726 706
276 129
361 480
930 70
906 121
126 798
914 862
440 394
497 239
893 661
151 478
264 856
669 850
882 612
394 455
395 479
531 177
970 908
552 831
627 984
756 74
421 436
499 364
996 22
357 630
860 962
140 407
196 308
144 978
371 963
327 500
972 533
368 747
366 639
943 251
742 363
395 537
46 903
51 795
968 308
968 670
589 668
311 811
292 886
495 658
169 895
993 650
737 819
447 799
339 309
305 197
87 222
452 124
513 598
110 165
447 827
837 738
593 640
773 583
576 721
121 416
320 679
997 769
104 585
447 315
653 508
619 353
910 47
906 304
285 913
298 322
576 605
989 308
223 183
943 701
281 285
400 806
95 271
489 981
146 997
622 942
57 684
921 647
685 828
246 711
666 201
505 400
83 663
980 953
567 312
32 14
453 648
826 559
668 245
295 526
4 508
354 755
354 316
465 565
229 262
411 274
747 329
820 1
418 352
62 324
923 674
598 138
156 921
51 574
132 196
986 111
969 493
625 627
805 650
107 903
520 993
301 464
827 403
747 32
732 916
269 690
110 800
247 391
685 777
95 249
185 309
791 870
765 587
631 312
944 819
437 757
744 537
263 355
691 50
748 628
995 255
859 974
70 422
39 464
789 316
441 422
599 198
205 208
283 355
371 792
482 813
727 981
727 79
782 213
965 155
164 927
309 743
897 350
235 162
682 41
459 912
539 529
208 835
928 783
191 996
250 416
791 89
879 225
699 583
132 759
495 61
632 109
613 949
578 249
305 397
675 324
135 59
127 843
105 612
957 333
76 33
871 57
125 850
191 649
581 940
367 306
342 681
971 212
193 402
272 804
757 774
166 908
203 806
